
strategic_region={
	id=17
	name="STRATEGICREGION_11"
	provinces={
		1210 1211 1212 1217 1232 1233 1234 1236 1237 1238 1240 1241 1242 1482 1483 1484 1485 1486 1487 1488 1489 1490 1491 1492 1493 1494 1495 1496 1497 1498 1499 1500 1501 1502 1503 1504 1505 1506 1507 1508 1509 1510 1511 1512 1513 1621 1622 1652 1659 1660 1661 1662 1663 1664 1665 1666 1667 1668 1669 1670 1671 1673 1674 1675 1676 1677 1678 1679 1680 1681 1682 1683 1684 1685 1686 1687 1688 1689 1690 1691 1692 1693 1694 1695 1696 1697 1698 1699 1700 1701 1702 1703 1704 1705 1706 1707 1708 1709 1710 1711 1712 1713 1714 1715 1716 1717 1718 1719 1720 1721 1722 1723 1724 1725 1726 1727 2114 3512 3752 3954 4127 4338 
	}
	weather={
	}
}
