
state={
	id=144
	name="STATE_144"

	history={
		owner = ELY
		add_core_of = ELY

	}

	provinces={
		3086 3087 3110 3111 3112 3113 3114 3115 3116 3117 3118 3119 3120 3121 3122 3123 3124 3125 3126 3127 3128 3129 3130 3131 3132 3133 3134 3135 3136 3137 3138 3139 3140 3141 3142 3143 3144 3145 3146 3147 3148 3151 3152 3153 3154 3155 3156 3157 3160 3161 3162 3163 3164 3165 3166 3167 3168 3169 3170 3171 3172 3173 3176 3179 3180 5796 
	}
	manpower=1
	buildings_max_level_factor=1.000
	state_category=rural
	local_supplies=0.000
}
