
state={
	id=147
	name="STATE_147"

	history={
		owner = ELY
		add_core_of = ELY

	}

	provinces={
		1989 1990 1991 1992 1993 2016 2017 2018 2019 2020 2021 2022 2023 2024 2025 2026 2027 2028 2029 2030 2031 2032 2033 2034 2035 2052 2057 2058 2059 2060 2061 2062 2063 2064 2065 2066 2067 2068 2069 2070 2071 2072 2073 2074 2075 2076 2077 2078 2079 2080 2081 2082 2083 2084 2085 2086 2087 2088 2089 2090 2091 2092 2093 2094 2095 2096 2097 2098 2099 2100 2101 2102 2103 2104 2105 2106 2107 2108 2109 2110 2111 2112 2113 2115 2116 2117 2118 2119 2120 2121 5790 5791 
	}
	manpower=1
	buildings_max_level_factor=1.000
	state_category=rural
	local_supplies=0.000
}
