state={
	id=296
	name="STATE_296"
	provinces={
		2375 2376 2377 2379 2380 2381 2382 2383 2395 2396 2399 2400 2401 2402 2403 2404 2409 2410 2411 2412 2423 2424 2425 2426 2428 2429 2430 2431 2432 2433 2434 2435 2436 2437 2438 2439 2440 2441 2442 2443 2444 2445 2446 2447 2448 2449 2450 2451 2452 2453 2454 2455 2456 2457 2458 2459 2460 2461 2462 2463 2464 2465 2466 2467 2468 2469 2470 2471 2472 2473 2474 2475 
	}
	manpower=100000
	state_category=rural
	buildings_max_level_factor=1.000

	history = {
		owner = ELY
		#victory_points = { 1 2 }
		buildings = {
			industrial_complex = 1
		}
		add_core_of = ELY
	}
	
	local_supplies=0.000
}
